-1.464751
0.239447
-0.107960
-0.512554
-0.147847
0.298928
0.058249
0.766539
-0.070566
0.242726
-0.479075
-0.279727
0.113066
0.134135
0.033112
-0.011597
0.179562
-0.035112
0.766073
0.278155
-0.222600
-0.035804
-0.220959
-0.053331
0.455081
0.061996
0.086880
-0.081792
0.211078
-0.026572
0.439669
0.067700
0.253222
-0.147601
0.001488
0.112123
-0.126728
-0.193993
-0.015412
-0.161515
0.273635
-0.039574
0.140106
-0.378330
-0.031187
-0.106238
0.015154
-0.319603
0.060157
0.158583
0.078695
0.137188
-0.601740
0.009484
0.544957
0.515318
-0.074124
0.168811
0.425954
0.162286
0.290483
-0.660841
0.187166
0.211824
-0.725974
-0.905203
0.121161
-0.555547
0.358811
0.054760
0.124663
-0.032155
-0.263123
0.309832
-0.006552
0.248693
0.342327
-0.044242
0.060164
-0.186792
-0.008342
0.104437
-0.269611
0.116365
-0.295964
0.059676
-0.091734
-0.411589
0.469183
0.035853
-0.081591
-0.037905
-0.698870
-0.093436
0.035630
-0.312814
0.012862
0.575168
-0.395473
-0.069992
