3.231351
2.399386
0.848423
1.957539
-0.356032
2.035269
1.085500
1.271544
0.409507
1.950661
1.844983
1.550747
1.827056
1.131730
0.336746
0.328139
0.267093
-0.881591
0.090526
0.958348
1.201224
0.702566
0.117094
-0.069802
-0.487235
0.534673
0.307542
-0.244331
-0.459098
-1.029790
-0.010184
0.087503
0.510161
0.006075
0.552563
-0.477753
-1.314762
-0.598241
-0.349310
0.005401
-0.476338
0.281991
-0.324534
-0.588612
-0.935214
-0.892186
-0.773335
-0.269872
-0.544006
-0.951374
-1.278426
-1.683947
-1.855116
-2.047601
-2.463076
-3.167508
-3.424834
-2.472999
-3.375763
-2.308730
-2.508215
-3.006613
-3.791374
-3.281818
-2.988185
-3.211633
-3.341857
-3.863805
-3.728589
-3.699531
-4.707046
